1.4401621406382181 11
1.2111242321395181 4
1.1312189505072543 99
1.1295891037672372 79
1.087013065530429 17
1.0799591276901772 20
1.0754623827351897 40
1.0676638481224485 70
1.0422135468572975 46
1.021946386287104 98
0.9797796708652811 96
0.9692840213412584 12
0.9689008030773998 87
0.9486006074539628 57
0.921798961222779 74
0.9069745055768568 23
0.8937616310660236 26
0.8866141154933562 21
0.8833968818215501 67
0.8736126383406919 89
0.8580449634910311 71
0.8179126977895532 37
0.8035438109584525 18
0.7341269735527192 58
0.7336567210718985 76
0.7244039302921396 10
0.6742096051440569 86
