1.5172516568456318 68
1.4401621406382181 11
1.3137318040155672 94
1.3041005500822194 38
1.2546688885283614 66
1.2521377622629495 56
1.2393083555565623 77
1.2167168133340325 81
1.1981273836684336 82
1.1631670627445965 32
1.147846502897705 60
1.1312189505072543 99
1.1247137140844612 36
1.1237082699210468 42
1.1232096328771624 78
1.115797717791803 59
1.1055177991077163 19
1.087013065530429 17
1.0854326584137282 49
1.0754623827351897 40
1.0712052911014769 22
1.0676638481224485 70
1.0587363346851046 63
1.0509317870142247 95
1.0348892413145179 50
1.0302286536489906 29
1.021946386287104 98
1.0178665064003796 90
0.9881264928439684 62
0.9866992497482002 16
0.9797796708652811 96
0.9728117849412408 45
0.9692840213412584 12
0.9689008030773998 87
0.9662728358382304 91
0.9405891689012439 92
0.9336338923757233 48
0.9305237226968336 83
0.9169176452471811 28
0.9083573024448576 97
0.9069745055768568 23
0.901467848803346 51
0.8866141154933562 21
0.8807820693387168 13
0.8690298921337042 53
0.8056310216065226 43
0.8035438109584525 18
0.7761537406342464 9
0.7745372822544007 64
0.7341269735527192 58
0.7336567210718985 76
0.7244039302921396 10
0.7199054147803003 33
0.7002615478129415 41
0.6742096051440569 86
0.6624971320583606 55
0.2955301727189424 101
