1.3587227159651651 30
1.2393083555565623 77
1.182749387450343 72
1.1631670627445965 32
1.0937560231291452 61
1.074869523342116 14
1.0712052911014769 22
1.0676638481224485 70
1.0587363346851046 63
1.0410370313308719 2
0.9866992497482002 16
0.9797796708652811 96
0.979694709428358 80
0.9662728358382304 91
0.9486006074539628 57
0.9169176452471811 28
0.901467848803346 51
0.8937616310660236 26
0.8807820693387168 13
0.8580449634910311 71
0.8179126977895532 37
0.8035438109584525 18
0.7336567210718985 76
0.7199054147803003 33
0.7002615478129415 41
0.6934280069751952 25
0.6742096051440569 86
