1.4719759131753172 73
1.4401621406382181 11
1.3041005500822194 38
1.2721248461219146 1
1.2167168133340325 81
1.1981273836684336 82
1.182749387450343 72
1.1658827729370072 24
1.148909901635083 54
1.1295891037672372 79
1.1247137140844612 36
1.1237082699210468 42
1.115797717791803 59
1.1055177991077163 19
1.087013065530429 17
1.0854326584137282 49
1.0799591276901772 20
1.074869523342116 14
1.0712052911014769 22
1.0676638481224485 70
1.0587363346851046 63
1.04357965430994 15
1.0422135468572975 46
1.0348892413145179 50
1.0302286536489906 29
0.9689008030773998 87
0.9655010921203508 35
0.9486006074539628 57
0.9336338923757233 48
0.9331924047178979 65
0.8954635759368447 3
0.8937616310660236 26
0.887831493880238 85
0.8866141154933562 21
0.8856562603037437 34
0.8736126383406919 89
0.8690298921337042 53
0.8580449634910311 71
0.8179126977895532 37
0.8056310216065226 43
0.7745372822544007 64
0.7525361787047025 47
0.7341269735527192 58
0.7336567210718985 76
0.7244039302921396 10
0.7199054147803003 33
0.7002615478129415 41
0.6934280069751952 25
0.6876014543623443 39
0.6742096051440569 86
0.6624971320583606 55
