1.479233917764291 84
1.4719759131753172 73
1.4401621406382181 11
1.3587227159651651 30
1.3137318040155672 94
1.1981273836684336 82
1.182749387450343 72
1.1312189505072543 99
1.1295891037672372 79
1.1237082699210468 42
1.115797717791803 59
1.0937560231291452 61
1.087013065530429 17
1.0854326584137282 49
1.0799591276901772 20
1.074869523342116 14
1.0712052911014769 22
1.04357965430994 15
1.0422135468572975 46
1.0302286536489906 29
1.021946386287104 98
0.9866992497482002 16
0.9797796708652811 96
0.9728117849412408 45
0.9689008030773998 87
0.9565287157296808 75
0.9486006074539628 57
0.9336338923757233 48
0.9331924047178979 65
0.9305237226968336 83
0.921798961222779 74
0.9069745055768568 23
0.901467848803346 51
0.8937616310660236 26
0.8866141154933562 21
0.8850706841115159 100
0.8833968818215501 67
0.8690298921337042 53
0.8580449634910311 71
0.8179126977895532 37
0.8056310216065226 43
0.8035438109584525 18
0.7525361787047025 47
0.7341269735527192 58
0.7244039302921396 10
0.7199054147803003 33
0.6876014543623443 39
0.6742096051440569 86
0.6624971320583606 55
