1.4401621406382181 11
1.3137318040155672 94
1.2521377622629495 56
1.2004200914813588 88
1.1658827729370072 24
1.1419440633494449 52
1.1312189505072543 99
1.1295891037672372 79
1.1247137140844612 36
1.1232096328771624 78
1.115797717791803 59
1.0937560231291452 61
1.0854326584137282 49
1.074869523342116 14
1.0422135468572975 46
1.0410370313308719 2
1.0348892413145179 50
0.9817571049291524 8
0.9797796708652811 96
0.9655010921203508 35
0.9443082183184639 69
0.921798961222779 74
0.9126286854953156 44
0.8833968818215501 67
0.8807820693387168 13
0.8736126383406919 89
0.8035438109584525 18
0.7341269735527192 58
0.6624971320583606 55
