1.4401621406382181 11
1.3587227159651651 30
1.2546688885283614 66
1.2521377622629495 56
1.1981273836684336 82
1.1631670627445965 32
1.148909901635083 54
1.147846502897705 60
1.1247137140844612 36
1.1237082699210468 42
1.115797717791803 59
1.0937560231291452 61
1.0799591276901772 20
1.0712052911014769 22
1.0348892413145179 50
1.0302286536489906 29
1.021946386287104 98
0.9866992497482002 16
0.9689008030773998 87
0.9655010921203508 35
0.9486006074539628 57
0.9443082183184639 69
0.9405891689012439 92
0.9331924047178979 65
0.9169176452471811 28
0.9069745055768568 23
0.8875903787788963 7
0.8056310216065226 43
0.8035438109584525 18
0.7336567210718985 76
0.7002615478129415 41
0.6934280069751952 25
0.6742096051440569 86
