1.5172516568456318 68
1.4719759131753172 73
1.4401621406382181 11
1.3137318040155672 94
1.2393083555565623 77
1.1981273836684336 82
1.1631670627445965 32
1.148909901635083 54
1.1295891037672372 79
1.12824631200005 5
1.087013065530429 17
1.0754623827351897 40
1.074869523342116 14
1.0676638481224485 70
1.0348892413145179 50
0.9817571049291524 8
0.9689008030773998 87
0.9662728358382304 91
0.9331924047178979 65
0.9305237226968336 83
0.8866141154933562 21
0.8179126977895532 37
0.8035438109584525 18
0.7745372822544007 64
0.7341269735527192 58
0.7336567210718985 76
0.7199054147803003 33
0.6472371533478125 31
