1.479233917764291 84
1.4401621406382181 11
1.3587227159651651 30
1.3137318040155672 94
1.2546688885283614 66
1.2521377622629495 56
1.2393083555565623 77
1.1981273836684336 82
1.1631670627445965 32
1.148909901635083 54
1.1419440633494449 52
1.1312189505072543 99
1.1247137140844612 36
1.1232096328771624 78
1.115797717791803 59
1.0937560231291452 61
1.0754623827351897 40
1.074869523342116 14
1.0587363346851046 63
1.0509317870142247 95
1.0422135468572975 46
1.0302286536489906 29
1.0178665064003796 90
0.9881264928439684 62
0.9797796708652811 96
0.9692840213412584 12
0.9486006074539628 57
0.9405891689012439 92
0.9069745055768568 23
0.8937616310660236 26
0.887831493880238 85
0.8875903787788963 7
0.8866141154933562 21
0.8850706841115159 100
0.8736126383406919 89
0.8580449634910311 71
0.8056310216065226 43
0.8035438109584525 18
0.7745372822544007 64
0.7336567210718985 76
0.7244039302921396 10
0.7199054147803003 33
0.7002615478129415 41
0.6624971320583606 55
