1.4401621406382181 11
1.3587227159651651 30
1.2546688885283614 66
1.2521377622629495 56
1.1981273836684336 82
1.148909901635083 54
1.147846502897705 60
1.1419440633494449 52
1.1312189505072543 99
1.1295891037672372 79
1.1247137140844612 36
1.1237082699210468 42
1.115797717791803 59
1.1055177991077163 19
1.0937560231291452 61
1.0854326584137282 49
1.074869523342116 14
1.0587363346851046 63
1.04357965430994 15
1.0422135468572975 46
1.0302286536489906 29
0.9866992497482002 16
0.9797796708652811 96
0.9689008030773998 87
0.9486006074539628 57
0.9405891689012439 92
0.921798961222779 74
0.9169176452471811 28
0.8875903787788963 7
0.8850706841115159 100
0.8690298921337042 53
0.8056310216065226 43
0.8035438109584525 18
0.7336567210718985 76
0.7244039302921396 10
0.7002615478129415 41
0.6742096051440569 86
