1.3041005500822194 38
1.2004200914813588 88
1.1247137140844612 36
1.1237082699210468 42
1.0754623827351897 40
1.074869523342116 14
1.0587363346851046 63
1.0422135468572975 46
1.0178665064003796 90
0.9866992497482002 16
0.9797796708652811 96
0.9728117849412408 45
0.9662728358382304 91
0.9655010921203508 35
0.9405891689012439 92
0.9126286854953156 44
0.8937616310660236 26
0.8856562603037437 34
0.8850706841115159 100
0.8736126383406919 89
0.8179126977895532 37
0.8056310216065226 43
0.7525361787047025 47
0.7199054147803003 33
0.7002615478129415 41
0.6876014543623443 39
0.6472371533478125 31
