1.479233917764291 84
1.4719759131753172 73
1.2546688885283614 66
1.1981273836684336 82
1.1237082699210468 42
1.0587363346851046 63
1.0422135468572975 46
1.0302286536489906 29
0.9797796708652811 96
0.9565287157296808 75
0.9486006074539628 57
0.9336338923757233 48
0.9331924047178979 65
0.9169176452471811 28
0.9083573024448576 97
0.8937616310660236 26
0.887831493880238 85
0.8875903787788963 7
0.8833968818215501 67
0.8807820693387168 13
0.8580449634910311 71
0.7336567210718985 76
0.7244039302921396 10
0.6742096051440569 86
