1.5172516568456318 68
1.479233917764291 84
1.3137318040155672 94
1.2546688885283614 66
1.2521377622629495 56
1.2413881328716796 93
1.1658827729370072 24
1.147846502897705 60
1.1312189505072543 99
1.0937560231291452 61
1.087013065530429 17
1.0799591276901772 20
1.074869523342116 14
1.0676638481224485 70
1.0422135468572975 46
1.0348892413145179 50
1.021946386287104 98
1.0178665064003796 90
0.9797796708652811 96
0.9689008030773998 87
0.9486006074539628 57
0.9405891689012439 92
0.9336338923757233 48
0.9331924047178979 65
0.9305237226968336 83
0.921798961222779 74
0.9069745055768568 23
0.8937616310660236 26
0.887831493880238 85
0.8856562603037437 34
0.8850706841115159 100
0.8807820693387168 13
0.8179126977895532 37
0.7761537406342464 9
0.7745372822544007 64
0.7341269735527192 58
0.7199054147803003 33
0.7002615478129415 41
