1.5172516568456318 68
1.479233917764291 84
1.4719759131753172 73
1.3137318040155672 94
1.2393083555565623 77
1.2111242321395181 4
1.1981273836684336 82
1.1631670627445965 32
1.148909901635083 54
1.1419440633494449 52
1.1295891037672372 79
1.1247137140844612 36
1.1237082699210468 42
1.0854326584137282 49
1.0509317870142247 95
0.9797796708652811 96
0.9692840213412584 12
0.9405891689012439 92
0.9331924047178979 65
0.9305237226968336 83
0.9169176452471811 28
0.9069745055768568 23
0.8937616310660236 26
0.887831493880238 85
0.8866141154933562 21
0.8807820693387168 13
0.8179126977895532 37
0.8035438109584525 18
0.7683971091777513 27
0.7341269735527192 58
0.7336567210718985 76
0.7199054147803003 33
