1.4401621406382181 11
1.3137318040155672 94
1.1981273836684336 82
1.1658827729370072 24
1.1631670627445965 32
1.1312189505072543 99
1.1295891037672372 79
1.12824631200005 5
1.087013065530429 17
1.0854326584137282 49
1.074869523342116 14
1.0676638481224485 70
1.0587363346851046 63
1.0422135468572975 46
1.0348892413145179 50
0.9866992497482002 16
0.9689008030773998 87
0.9486006074539628 57
0.9331924047178979 65
0.9169176452471811 28
0.8690298921337042 53
0.8580449634910311 71
0.8179126977895532 37
0.8056310216065226 43
0.7745372822544007 64
0.7683971091777513 27
0.7341269735527192 58
0.7336567210718985 76
0.7199054147803003 33
0.6742096051440569 86
0.6472371533478125 31
