1.4719759131753172 73
1.4401621406382181 11
1.3587227159651651 30
1.2413881328716796 93
1.1981273836684336 82
1.1419440633494449 52
1.1312189505072543 99
1.1295891037672372 79
1.0937560231291452 61
1.0712052911014769 22
0.979694709428358 80
0.9169176452471811 28
0.8937616310660236 26
0.8866141154933562 21
0.8850706841115159 100
0.8580449634910311 71
0.8179126977895532 37
0.8056310216065226 43
0.7683971091777513 27
0.7341269735527192 58
0.7199054147803003 33
0.7002615478129415 41
0.6934280069751952 25
0.6472371533478125 31
