1.5172516568456318 68
1.479233917764291 84
1.4719759131753172 73
1.4401621406382181 11
1.3137318040155672 94
1.2521377622629495 56
1.2393083555565623 77
1.2004200914813588 88
1.1658827729370072 24
1.1419440633494449 52
1.1312189505072543 99
1.1295891037672372 79
1.1247137140844612 36
1.1232096328771624 78
1.115797717791803 59
1.1055177991077163 19
1.0937560231291452 61
1.087013065530429 17
1.0854326584137282 49
1.0799591276901772 20
1.0754623827351897 40
1.074869523342116 14
1.0712052911014769 22
1.0587363346851046 63
1.04357965430994 15
1.0422135468572975 46
1.0410370313308719 2
1.0348892413145179 50
1.0302286536489906 29
1.021946386287104 98
0.9881264928439684 62
0.9797796708652811 96
0.979694709428358 80
0.9728117849412408 45
0.9692840213412584 12
0.9689008030773998 87
0.9662728358382304 91
0.9655010921203508 35
0.9486006074539628 57
0.9443082183184639 69
0.9336338923757233 48
0.9305237226968336 83
0.921798961222779 74
0.9169176452471811 28
0.9126286854953156 44
0.9083573024448576 97
0.8954635759368447 3
0.8866141154933562 21
0.8856562603037437 34
0.8833968818215501 67
0.8807820693387168 13
0.8736126383406919 89
0.8690298921337042 53
0.8580449634910311 71
0.8179126977895532 37
0.8056310216065226 43
0.8035438109584525 18
0.7761537406342464 9
0.7745372822544007 64
0.7525361787047025 47
0.7341269735527192 58
0.7336567210718985 76
0.7244039302921396 10
0.7199054147803003 33
0.6742096051440569 86
0.6624971320583606 55
0.2955301727189424 101
