1.3041005500822194 38
1.1981273836684336 82
1.1631670627445965 32
1.147846502897705 60
1.115797717791803 59
1.0937560231291452 61
1.0854326584137282 49
1.0799591276901772 20
1.04357965430994 15
1.0348892413145179 50
0.9797796708652811 96
0.9728117849412408 45
0.9662728358382304 91
0.9443082183184639 69
0.9405891689012439 92
0.8937616310660236 26
0.887831493880238 85
0.8807820693387168 13
0.8690298921337042 53
0.8056310216065226 43
0.7745372822544007 64
0.7336567210718985 76
0.7199054147803003 33
0.6876014543623443 39
