1.5172516568456318 68
1.479233917764291 84
1.4401621406382181 11
1.2393083555565623 77
1.1981273836684336 82
1.148909901635083 54
1.1247137140844612 36
1.1237082699210468 42
1.115797717791803 59
1.0799591276901772 20
1.0712052911014769 22
1.0676638481224485 70
1.0302286536489906 29
1.021946386287104 98
0.9866992497482002 16
0.9692840213412584 12
0.9689008030773998 87
0.9662728358382304 91
0.9655010921203508 35
0.9486006074539628 57
0.9336338923757233 48
0.9169176452471811 28
0.9083573024448576 97
0.901467848803346 51
0.887831493880238 85
0.8866141154933562 21
0.8856562603037437 34
0.8807820693387168 13
0.8035438109584525 18
0.7745372822544007 64
0.7341269735527192 58
0.7336567210718985 76
0.7244039302921396 10
0.7002615478129415 41
0.6876014543623443 39
0.6624971320583606 55
0.6472371533478125 31
