1.5172516568456318 68
1.479233917764291 84
1.4719759131753172 73
1.4401621406382181 11
1.2393083555565623 77
1.1981273836684336 82
1.1658827729370072 24
1.1232096328771624 78
1.1055177991077163 19
1.0937560231291452 61
1.0799591276901772 20
1.0754623827351897 40
1.0676638481224485 70
1.0509317870142247 95
1.04357965430994 15
0.9797796708652811 96
0.9692840213412584 12
0.9662728358382304 91
0.9486006074539628 57
0.9305237226968336 83
0.921798961222779 74
0.9169176452471811 28
0.887831493880238 85
0.8875903787788963 7
0.8850706841115159 100
0.8179126977895532 37
0.8056310216065226 43
0.7745372822544007 64
0.7244039302921396 10
0.7199054147803003 33
0.6876014543623443 39
