1.4719759131753172 73
1.4401621406382181 11
1.2546688885283614 66
1.2413881328716796 93
1.1981273836684336 82
1.1658827729370072 24
1.148909901635083 54
1.1419440633494449 52
1.1312189505072543 99
1.1247137140844612 36
1.115797717791803 59
1.074869523342116 14
1.0676638481224485 70
1.0422135468572975 46
1.021946386287104 98
0.9866992497482002 16
0.9689008030773998 87
0.9655010921203508 35
0.9405891689012439 92
0.9305237226968336 83
0.9069745055768568 23
0.8875903787788963 7
0.8850706841115159 100
0.8580449634910311 71
0.7341269735527192 58
