1.4719759131753172 73
1.3587227159651651 30
1.3137318040155672 94
1.2167168133340325 81
1.1981273836684336 82
1.182749387450343 72
1.1237082699210468 42
1.0937560231291452 61
1.087013065530429 17
1.0854326584137282 49
1.0712052911014769 22
1.0422135468572975 46
1.0348892413145179 50
0.9866992497482002 16
0.9817571049291524 8
0.9797796708652811 96
0.9689008030773998 87
0.921798961222779 74
0.901467848803346 51
0.8937616310660236 26
0.8866141154933562 21
0.8179126977895532 37
0.8056310216065226 43
0.7341269735527192 58
0.7336567210718985 76
0.7002615478129415 41
0.6742096051440569 86
