1.479233917764291 84
1.4719759131753172 73
1.182749387450343 72
1.1631670627445965 32
1.148909901635083 54
1.1419440633494449 52
1.1247137140844612 36
1.1055177991077163 19
1.087013065530429 17
1.074869523342116 14
1.0587363346851046 63
1.0422135468572975 46
1.021946386287104 98
0.9689008030773998 87
0.9486006074539628 57
0.8937616310660236 26
0.887831493880238 85
0.8807820693387168 13
0.8580449634910311 71
0.8179126977895532 37
0.7745372822544007 64
0.7341269735527192 58
0.7244039302921396 10
0.6934280069751952 25
0.6876014543623443 39
0.6742096051440569 86
