1.5172516568456318 68
1.479233917764291 84
1.4719759131753172 73
1.4401621406382181 11
1.3587227159651651 30
1.3137318040155672 94
1.3041005500822194 38
1.2546688885283614 66
1.2413881328716796 93
1.2393083555565623 77
1.2167168133340325 81
1.1981273836684336 82
1.182749387450343 72
1.1658827729370072 24
1.1631670627445965 32
1.148909901635083 54
1.147846502897705 60
1.1419440633494449 52
1.1312189505072543 99
1.1295891037672372 79
1.1247137140844612 36
1.1232096328771624 78
1.115797717791803 59
1.1055177991077163 19
1.0937560231291452 61
1.087013065530429 17
1.0854326584137282 49
1.0754623827351897 40
1.074869523342116 14
1.0712052911014769 22
1.0676638481224485 70
1.0587363346851046 63
1.04357965430994 15
1.0422135468572975 46
1.0348892413145179 50
1.0302286536489906 29
1.021946386287104 98
1.0178665064003796 90
0.9881264928439684 62
0.9866992497482002 16
0.9797796708652811 96
0.979694709428358 80
0.9728117849412408 45
0.9692840213412584 12
0.9689008030773998 87
0.9662728358382304 91
0.9655010921203508 35
0.9565287157296808 75
0.9486006074539628 57
0.9443082183184639 69
0.9405891689012439 92
0.9336338923757233 48
0.9331924047178979 65
0.9305237226968336 83
0.9126286854953156 44
0.9083573024448576 97
0.9069745055768568 23
0.901467848803346 51
0.8937616310660236 26
0.887831493880238 85
0.8866141154933562 21
0.8856562603037437 34
0.8850706841115159 100
0.8833968818215501 67
0.8807820693387168 13
0.8736126383406919 89
0.8690298921337042 53
0.8580449634910311 71
0.8179126977895532 37
0.8056310216065226 43
0.8035438109584525 18
0.7745372822544007 64
0.7683971091777513 27
0.7525361787047025 47
0.7341269735527192 58
0.7336567210718985 76
0.7244039302921396 10
0.7199054147803003 33
0.7002615478129415 41
0.6934280069751952 25
0.6876014543623443 39
0.6742096051440569 86
0.6624971320583606 55
0.6472371533478125 31
