1.4719759131753172 73
1.2521377622629495 56
1.1981273836684336 82
1.182749387450343 72
1.1631670627445965 32
1.147846502897705 60
1.1295891037672372 79
1.1247137140844612 36
1.0937560231291452 61
1.074869523342116 14
1.0712052911014769 22
0.9881264928439684 62
0.9866992497482002 16
0.9728117849412408 45
0.9692840213412584 12
0.9689008030773998 87
0.9662728358382304 91
0.9486006074539628 57
0.9405891689012439 92
0.9126286854953156 44
0.8937616310660236 26
0.8833968818215501 67
0.8056310216065226 43
0.8035438109584525 18
0.7525361787047025 47
0.7341269735527192 58
0.7002615478129415 41
0.6472371533478125 31
