1.5172516568456318 68
1.479233917764291 84
1.4719759131753172 73
1.4401621406382181 11
1.2546688885283614 66
1.2413881328716796 93
1.2167168133340325 81
1.182749387450343 72
1.1247137140844612 36
1.0348892413145179 50
1.021946386287104 98
1.0178665064003796 90
0.9881264928439684 62
0.9797796708652811 96
0.979694709428358 80
0.9405891689012439 92
0.9083573024448576 97
0.887831493880238 85
0.8875903787788963 7
0.8866141154933562 21
0.8856562603037437 34
0.8736126383406919 89
0.8056310216065226 43
0.7745372822544007 64
0.7341269735527192 58
