1.479233917764291 84
1.3587227159651651 30
1.2721248461219146 1
1.2546688885283614 66
1.2521377622629495 56
1.2413881328716796 93
1.2393083555565623 77
1.2167168133340325 81
1.1981273836684336 82
1.182749387450343 72
1.148909901635083 54
1.147846502897705 60
1.1419440633494449 52
1.1312189505072543 99
1.1295891037672372 79
1.1232096328771624 78
1.115797717791803 59
1.0854326584137282 49
1.0799591276901772 20
1.0754623827351897 40
1.0587363346851046 63
1.04357965430994 15
1.0348892413145179 50
0.9881264928439684 62
0.9866992497482002 16
0.9817571049291524 8
0.9692840213412584 12
0.9689008030773998 87
0.9565287157296808 75
0.9443082183184639 69
0.9405891689012439 92
0.9083573024448576 97
0.9069745055768568 23
0.901467848803346 51
0.8866141154933562 21
0.8856562603037437 34
0.8690298921337042 53
0.8179126977895532 37
0.8056310216065226 43
0.7683971091777513 27
0.7336567210718985 76
0.7244039302921396 10
0.7199054147803003 33
0.7002615478129415 41
0.6934280069751952 25
0.6876014543623443 39
0.6624971320583606 55
