1.4401621406382181 11
1.3137318040155672 94
1.2521377622629495 56
1.2167168133340325 81
1.147846502897705 60
1.1295891037672372 79
1.1237082699210468 42
1.115797717791803 59
1.0754623827351897 40
1.0676638481224485 70
1.0587363346851046 63
1.04357965430994 15
1.0302286536489906 29
0.9881264928439684 62
0.9866992497482002 16
0.9817571049291524 8
0.979694709428358 80
0.9689008030773998 87
0.9655010921203508 35
0.9331924047178979 65
0.9305237226968336 83
0.9126286854953156 44
0.9069745055768568 23
0.8937616310660236 26
0.887831493880238 85
0.8736126383406919 89
0.8580449634910311 71
0.8056310216065226 43
0.7683971091777513 27
0.7341269735527192 58
0.7336567210718985 76
0.7002615478129415 41
0.6742096051440569 86
0.6624971320583606 55
